2019/05/31 20:10:03;41.0000;DINHEIRO DINHEIRO;8.1170000000000000e+03;;19/05/31 00:00:00;1;0;LUCIANA RIGAUD;41.0000;2;;;;;2;;0;1.0000000000000000e+02;0;00/01/01 20:10:00;3;0;0;0;;0;1;;;19/05/31 00:00:00;0;0;;0;;1;;0;;0;;;;;;0;0;0;;0.0000;;;;2.2500000000000000e+02;0;MESA;0.0000;0.0000;;;;;0;0;19/05/25 00:00:00;0;0;;0;0;0;;{27cc107b-9719-4bc4-2483-f6053aaad679};;0;19/05/25 14:06:21;0.00000000e+00;;;1;{7b2f8ad4-e373-4b6e-7c9d-9c09ac53e96a};{92ba8ca4-92ae-42bd-a391-0bb7bf50a695};;;;0;0;;;0;;;;;;;;0.0000;0.0000;0;;;{0cae161b-e1c5-4792-8885-e4d0ec123deb};0;0;5.8900;5.6600;0.2300;1;2;
2019/05/31 20:15:39;66.0000;DINHEIRO DINHEIRO;8.0900000000000000e+03;;19/05/31 00:00:00;1;0;LUCIANA RIGAUD;66.0000;1;;;;;2;;0;1.0000000000000000e+03;0;00/01/01 20:15:00;3;0;0;0;;0;1;;;19/05/31 00:00:00;0;0;;0;;1;;0;;0;;;;;;0;0;0;;0.0000;;;;2.2500000000000000e+02;0;MESA;0.0000;0.0000;;;;;0;0;19/05/25 00:00:00;0;0;;0;0;0;;{2e297109-de98-450c-dc8f-0356c98c3167};;0;19/05/25 19:44:01;0.00000000e+00;;;1;{a047505b-a447-4ab1-489a-220f457dbd17};{46226b6a-d55f-4acb-48b6-75239d79fcc4};;;;0;0;;;0;;;;;;;;0.0000;0.0000;0;;;{b461501d-0e49-4fe0-3bab-339a3f4b823d};0;0;6.0000;6.0000;0.0000;1;2;
2019/05/31 20:23:43;75.8000;VISA DEBITO;8.1180000000000000e+03;;19/05/31 00:00:00;0;0;LUCIANA RIGAUD;76.7300;2;;;;;2;;0;1.7000000000000000e+01;0;00/01/01 20:23:00;3;0;0;1;;0;1;;;19/05/31 00:00:00;0;0;;0;;1;;0;;0;;;;;;0;0;0;;0.0000;;;;2.2500000000000000e+02;0;MESA;0.0000;0.0000;;;;;0;0;19/05/31 00:00:00;0;0;;0;0;0;;{e7e44c3d-fa42-4bff-95bf-3cb26835d00a};;0;19/05/31 19:34:46;0.00000000e+00;;;1;{1c72c45f-3bc9-4f71-8788-aedbd90937a7};{5b3814bd-4404-4f73-ffba-e0702b362291};;;;0;0;;;0;;;;;;;;0.0000;0.0000;0;;;{f7f7f655-9ff9-47b5-d48c-342fb03676de};0;0;13.7700;13.7600;0.0100;1;2;
2019/05/31 20:23:43;75.3100;VISA CREDITO;8.1180000000000000e+03;;19/06/30 00:00:00;0;0;LUCIANA RIGAUD;76.7300;0;;;;;2;;0;1.7000000000000000e+01;0;00/01/01 20:23:00;3;0;0;1;;0;1;;;19/05/31 00:00:00;0;0;;0;;1;;0;;0;;;;;;0;0;0;;0.0000;;;;2.2500000000000000e+02;0;MESA;0.0000;0.0000;;;;;0;0;19/05/31 00:00:00;0;0;;0;0;0;;{e7e44c3d-fa42-4bff-95bf-3cb26835d00a};;0;19/05/31 19:34:46;0.00000000e+00;;;1;{83dcd19c-10ab-4d78-6cb8-d222ae772c1f};{5b3814bd-4404-4f73-ffba-e0702b362291};;;;0;0;;;0;;;;;;;;0.0000;0.0000;0;;;{f7f7f655-9ff9-47b5-d48c-342fb03676de};0;0;0.0000;0.0000;0.0000;1;2;
2019/05/31 21:45:40;19.3400;VISA DEBITO;8.1190000000000000e+03;;19/05/31 00:00:00;0;0;LUCIANA RIGAUD;19.5800;2;;;;;2;;0;7.0000000000000000e+00;0;00/01/01 21:45:00;3;0;0;1;;0;1;;;19/05/31 00:00:00;0;0;;0;;1;;0;;0;;;;;;0;0;0;;0.0000;;;;2.2500000000000000e+02;0;MESA;0.0000;0.0000;;;;;0;0;19/05/31 00:00:00;0;0;;0;0;0;;{33754453-717b-45ff-2584-027fdc3f37f7};;0;19/05/31 21:28:07;0.00000000e+00;;;1;{62e94bae-7932-41ba-7b9c-9951fec15ca4};{c7b62cc6-3ce3-403c-88bb-aac3e6a47f60};;;;0;0;;;0;;;;;;;;0.0000;0.0000;0;;;{5cef12a4-818c-4bd5-a7aa-14e42413a8e2};0;0;1.7800;1.7800;0.0000;1;2;
2019/05/31 21:56:46;8.8300;VISA CREDITO;8.1200000000000000e+03;;19/06/30 00:00:00;0;0;LUCIANA RIGAUD;9.0000;1;;;;;2;;0;1.0000000000000000e+02;0;00/01/01 21:56:00;3;0;0;1;;0;1;;;19/05/31 00:00:00;0;0;;0;;1;;0;;0;;;;;;0;0;0;;0.0000;;;;2.2500000000000000e+02;0;MESA;0.0000;0.0000;;;;;0;0;19/05/31 00:00:00;0;0;;0;0;0;;{543a9577-4c43-4e2c-f195-b49dd7cd3210};;0;19/05/31 21:56:15;0.00000000e+00;;;1;{4cfa4069-f625-4437-dda3-343f3d28623f};{0a6f164d-5b45-4f97-4cad-82c0561f0a85};;;;0;0;;;0;;;;;;;;0.0000;0.0000;0;;;{5b72ae04-47dd-46f6-018b-556fd060b48f};0;0;0.8900;0.1000;0.7900;1;2;
2019/05/31 22:19:24;131.0900;MASTER DEBITO;8.1210000000000000e+03;;19/05/31 00:00:00;0;0;LUCIANA RIGAUD;132.6900;2;;;;;2;;0;1.3000000000000000e+01;0;00/01/01 22:19:00;3;0;0;1;;0;1;;;19/05/31 00:00:00;0;0;;0;;1;;0;;0;;;;;;0;0;0;;0.0000;;;;2.2500000000000000e+02;0;MESA;0.0000;0.0000;;;;;0;0;19/05/31 00:00:00;0;0;;0;0;0;;{2e08c637-023f-477e-aebf-e5343e83c797};;0;19/05/31 20:27:44;0.00000000e+00;;;1;{62c356bd-1950-4843-e0a1-3376f5a08d0e};{4c778422-8dd7-4645-14a8-1570a23d4b29};;;;0;0;;;0;;;;;;;;0.0000;0.0000;0;;;{1cf3bf1b-9e9a-4e85-a392-acb692297aa8};0;0;14.7900;14.7900;0.0000;1;2;
2019/05/31 22:19:24;29.6400;ELO DEBITO;8.1210000000000000e+03;;19/05/31 00:00:00;0;0;LUCIANA RIGAUD;30.0000;0;;;;;2;;0;1.3000000000000000e+01;0;00/01/01 22:19:00;3;0;0;1;;0;1;;;19/05/31 00:00:00;0;0;;0;;1;;0;;0;;;;;;0;0;0;;0.0000;;;;2.2500000000000000e+02;0;MESA;0.0000;0.0000;;;;;0;0;19/05/31 00:00:00;0;0;;0;0;0;;{2e08c637-023f-477e-aebf-e5343e83c797};;0;19/05/31 20:27:44;0.00000000e+00;;;1;{c62b68ae-c345-4838-7a93-48de417ed671};{4c778422-8dd7-4645-14a8-1570a23d4b29};;;;0;0;;;0;;;;;;;;0.0000;0.0000;0;;;{1cf3bf1b-9e9a-4e85-a392-acb692297aa8};0;0;0.0000;0.0000;0.0000;1;2;
2019/05/31 22:22:52;43.9600;MASTER DEBITO;8.1230000000000000e+03;;19/05/31 00:00:00;0;0;LUCIANA RIGAUD;44.5000;1;;;;;2;;0;1.2200000000000000e+02;0;00/01/01 22:22:00;3;0;0;1;;0;1;;;19/05/31 00:00:00;0;0;;0;;1;;0;;0;;;;;;0;0;0;;0.0000;;;;2.2500000000000000e+02;0;MESA;0.0000;0.0000;;;;;0;0;19/05/31 00:00:00;0;0;;0;0;0;;{6a517ae6-af47-4793-d397-925aa1fe2799};;0;19/05/31 21:08:48;0.00000000e+00;;;1;{bc3db7a3-c19e-43db-04a2-bdf01d22ed99};{c2fbeb26-19db-4f96-53aa-a244dc45f82e};;;;0;0;;;0;;;;;;;;0.0000;0.0000;0;;;{4f4b340f-2931-4b0a-14b4-81ccd4d22fdd};0;0;4.4500;0.0000;4.4500;1;2;
2019/05/31 22:57:09;19.3400;VISA DEBITO;8.1240000000000000e+03;;19/05/31 00:00:00;0;0;LUCIANA RIGAUD;19.5800;1;;;;;2;;0;1.0000000000000000e+00;0;00/01/01 22:57:00;3;0;0;1;;0;1;;;19/05/31 00:00:00;0;0;;0;;1;;0;;0;;;;;;0;0;0;;0.0000;;;;2.2500000000000000e+02;0;MESA;0.0000;0.0000;;;;;0;0;19/05/31 00:00:00;0;0;;0;0;0;;{743d3c4d-1b43-4e54-9e9c-e06f2212f162};;0;19/05/31 22:15:52;0.00000000e+00;;;1;{197477e2-d939-4aa2-a199-3dc15bd7b529};{18865cc1-f944-45cd-6285-1e9ee7f11cce};;;;0;0;;;0;;;;;;;;0.0000;0.0000;0;;;{a51168fc-5c5e-4643-8483-aeeaec45ff54};0;0;1.7800;1.7800;0.0000;1;2;
2019/05/31 23:21:12;106.0000;DINHEIRO DINHEIRO;8.1260000000000000e+03;;19/05/31 00:00:00;1;0;LUCIANA RIGAUD;106.0000;2;;;;;2;;0;1.2000000000000000e+01;0;00/01/01 23:21:00;3;0;0;0;;0;1;;;19/05/31 00:00:00;0;0;;0;;1;;0;;0;;;;;;0;0;0;;0.0000;;;;2.2500000000000000e+02;0;MESA;0.0000;0.0000;;;;;0;0;19/05/31 00:00:00;0;0;;0;0;0;;{ab4b817b-9ad2-4478-31b7-49a6f9b7f991};;0;19/05/31 19:57:38;0.00000000e+00;;;1;{22693533-dcf6-45ca-95b0-d17652ba148e};{e000aa2d-b48d-4d2f-2787-63e70f44c1d9};;;;0;0;;;0;;;;;;;;0.0000;0.0000;0;;;{c358ced9-0762-4e25-0684-ff3e243c472f};0;0;10.5100;0.9000;9.6100;1;2;
2019/05/31 23:56:37;19.5800;DINHEIRO DINHEIRO;8.1300000000000000e+03;;19/05/31 00:00:00;1;0;LUCIANA RIGAUD;19.5800;2;;;;;2;;0;1.2000000000000000e+01;0;00/01/01 23:56:00;3;0;0;0;;0;1;;;19/05/31 00:00:00;0;0;;0;;1;;0;;0;;;;;;0;0;0;;0.0000;;;;2.2500000000000000e+02;0;MESA;0.0000;0.0000;;;;;0;0;19/05/31 00:00:00;0;0;;0;0;0;;{c979cfe5-9ca3-4af0-e891-d8a77fd244f3};;0;19/05/31 21:42:22;0.00000000e+00;;;1;{a92d4b8f-47cb-4412-e1b2-fa0f6872b3b4};{5afcd7ec-bcfa-484a-f39a-77ce2b3f73e2};;;;0;0;;;0;;;;;;;;0.0000;0.0000;0;;;{b000e386-a4e4-4f44-2b97-a2e5fddee172};0;0;1.7800;1.7800;0.0000;1;2;
2019/06/01 00:01:01;22.0000;DINHEIRO DINHEIRO;8.1310000000000000e+03;;19/06/01 00:00:00;1;0;LUCIANA RIGAUD;22.0000;1;;;;;2;;0;9.0000000000000000e+01;0;00/01/01 00:01:00;3;0;0;0;;0;1;;;19/05/31 00:00:00;0;0;;0;;1;;0;;0;;;;;;0;0;0;;0.0000;;;;2.2500000000000000e+02;0;MESA;0.0000;0.0000;;;;;0;0;19/05/31 00:00:00;0;0;;0;0;0;;{be526dbd-7993-4a65-ca9f-397cc1fb10c0};;0;19/05/31 19:54:37;0.00000000e+00;;;1;{d671572a-9f70-441e-01a1-242087dba529};{50c5c381-1d92-4360-9ead-607e4981c004};;;;0;0;;;0;;;;;;;;0.0000;0.0000;0;;;{5b8616ee-b2ec-4d1f-63b0-fc8a00e291ec};0;0;17.5200;16.8000;0.7200;1;2;
2019/06/01 00:01:01;166.8500;VISA CREDITO;8.1310000000000000e+03;;19/07/01 00:00:00;0;0;LUCIANA RIGAUD;170.0000;0;;;;;2;;0;9.0000000000000000e+01;0;00/01/01 00:01:00;3;0;0;1;;0;1;;;19/05/31 00:00:00;0;0;;0;;1;;0;;0;;;;;;0;0;0;;0.0000;;;;2.2500000000000000e+02;0;MESA;0.0000;0.0000;;;;;0;0;19/05/31 00:00:00;0;0;;0;0;0;;{be526dbd-7993-4a65-ca9f-397cc1fb10c0};;0;19/05/31 19:54:37;0.00000000e+00;;;1;{72906716-428e-4571-9e8f-383862cc3b40};{50c5c381-1d92-4360-9ead-607e4981c004};;;;0;0;;;0;;;;;;;;0.0000;0.0000;0;;;{5b8616ee-b2ec-4d1f-63b0-fc8a00e291ec};0;0;0.0000;0.0000;0.0000;1;2;
2019/06/01 00:15:12;12.7900;DINHEIRO DINHEIRO;8.1320000000000000e+03;;19/06/01 00:00:00;1;0;LUCIANA RIGAUD;12.7900;1;;;;;2;;0;2.2000000000000000e+01;0;00/01/01 00:15:00;3;0;0;0;;0;1;;;19/05/31 00:00:00;0;0;;0;;1;;0;;0;;;;;;0;0;0;;0.0000;;;;2.2500000000000000e+02;0;MESA;0.0000;0.0000;;;;;0;0;19/05/31 00:00:00;0;0;;0;0;0;;{01e5cf44-aa22-478e-3a88-42a5cc8b1a67};;0;19/05/31 20:31:07;0.00000000e+00;;;1;{f01e3b03-b113-47c6-8bb5-a7a822cd259d};{08554922-aee7-454e-62ac-91be9d7b739d};;;;0;0;;;0;;;;;;;;0.0000;0.0000;0;;;{c761083b-75a2-4ef5-3f87-34f738c8e222};0;0;28.6700;0.0000;28.6700;1;2;
2019/06/01 00:15:12;8.8300;VISA CREDITO;8.1320000000000000e+03;;19/07/01 00:00:00;0;0;LUCIANA RIGAUD;9.0000;0;;;;;2;;0;2.2000000000000000e+01;0;00/01/01 00:15:00;3;0;0;1;;0;1;;;19/05/31 00:00:00;0;0;;0;;1;;0;;0;;;;;;0;0;0;;0.0000;;;;2.2500000000000000e+02;0;MESA;0.0000;0.0000;;;;;0;0;19/05/31 00:00:00;0;0;;0;0;0;;{01e5cf44-aa22-478e-3a88-42a5cc8b1a67};;0;19/05/31 20:31:07;0.00000000e+00;;;1;{fc65cfee-ed59-4d02-69a1-5c67e818e5eb};{08554922-aee7-454e-62ac-91be9d7b739d};;;;0;0;;;0;;;;;;;;0.0000;0.0000;0;;;{c761083b-75a2-4ef5-3f87-34f738c8e222};0;0;0.0000;0.0000;0.0000;1;2;
2019/06/01 00:15:12;24.7000;MASTER DEBITO;8.1320000000000000e+03;;19/06/01 00:00:00;0;0;LUCIANA RIGAUD;25.0000;0;;;;;2;;0;2.2000000000000000e+01;0;00/01/01 00:15:00;3;0;0;1;;0;1;;;19/05/31 00:00:00;0;0;;0;;1;;0;;0;;;;;;0;0;0;;0.0000;;;;2.2500000000000000e+02;0;MESA;0.0000;0.0000;;;;;0;0;19/05/31 00:00:00;0;0;;0;0;0;;{01e5cf44-aa22-478e-3a88-42a5cc8b1a67};;0;19/05/31 20:31:07;0.00000000e+00;;;1;{8b21fb3f-81a4-4ef7-14ab-2ce272548a17};{08554922-aee7-454e-62ac-91be9d7b739d};;;;0;0;;;0;;;;;;;;0.0000;0.0000;0;;;{c761083b-75a2-4ef5-3f87-34f738c8e222};0;0;0.0000;0.0000;0.0000;1;2;
2019/06/01 00:15:12;117.7800;VISA CREDITO;8.1320000000000000e+03;;19/07/01 00:00:00;0;0;LUCIANA RIGAUD;120.0000;0;;;;;2;;0;2.2000000000000000e+01;0;00/01/01 00:15:00;3;0;0;1;;0;1;;;19/05/31 00:00:00;0;0;;0;;1;;0;;0;;;;;;0;0;0;;0.0000;;;;2.2500000000000000e+02;0;MESA;0.0000;0.0000;;;;;0;0;19/05/31 00:00:00;0;0;;0;0;0;;{01e5cf44-aa22-478e-3a88-42a5cc8b1a67};;0;19/05/31 20:31:07;0.00000000e+00;;;1;{40f86747-45f8-49ee-69a7-21a7918f27c9};{08554922-aee7-454e-62ac-91be9d7b739d};;;;0;0;;;0;;;;;;;;0.0000;0.0000;0;;;{c761083b-75a2-4ef5-3f87-34f738c8e222};0;0;0.0000;0.0000;0.0000;1;2;
2019/06/01 00:15:12;117.7800;MASTER CREDITO;8.1320000000000000e+03;;19/07/01 00:00:00;0;0;LUCIANA RIGAUD;120.0000;0;;;;;2;;0;2.2000000000000000e+01;0;00/01/01 00:15:00;3;0;0;1;;0;1;;;19/05/31 00:00:00;0;0;;0;;1;;0;;0;;;;;;0;0;0;;0.0000;;;;2.2500000000000000e+02;0;MESA;0.0000;0.0000;;;;;0;0;19/05/31 00:00:00;0;0;;0;0;0;;{01e5cf44-aa22-478e-3a88-42a5cc8b1a67};;0;19/05/31 20:31:07;0.00000000e+00;;;1;{034fd78c-5e4f-4b2a-8abe-2f15ef0b246d};{08554922-aee7-454e-62ac-91be9d7b739d};;;;0;0;;;0;;;;;;;;0.0000;0.0000;0;;;{c761083b-75a2-4ef5-3f87-34f738c8e222};0;0;0.0000;0.0000;0.0000;1;2;
2019/06/01 01:04:42;109.3600;VISA CREDITO;8.1380000000000000e+03;;19/07/01 00:00:00;0;0;LUCIANA RIGAUD;111.4300;2;;;;;2;;0;4.0000000000000000e+00;0;00/01/01 01:04:00;3;0;0;1;;0;1;;;19/05/31 00:00:00;0;0;;0;;1;;0;;0;;;;;;0;0;0;;0.0000;;;;2.2500000000000000e+02;0;MESA;0.0000;0.0000;;;;;0;0;19/05/31 00:00:00;0;0;;0;0;0;;{86f8849f-0a55-4702-749f-f98e6cdce0f5};;0;19/05/31 21:57:35;0.00000000e+00;;;1;{a202ce3d-748f-4e77-4380-92cbf9326ed0};{e0412e71-a6dd-4f02-74a8-671e3abcb170};;;;0;0;;;0;;;;;;;;0.0000;0.0000;0;;;{1a492971-08ac-48a6-0c8c-591971d33dbf};0;0;30.3900;30.3900;0.0000;1;2;
2019/06/01 01:04:42;54.6800;VISA CREDITO;8.1380000000000000e+03;;19/07/01 00:00:00;0;0;LUCIANA RIGAUD;55.7200;0;;;;;2;;0;4.0000000000000000e+00;0;00/01/01 01:04:00;3;0;0;1;;0;1;;;19/05/31 00:00:00;0;0;;0;;1;;0;;0;;;;;;0;0;0;;0.0000;;;;2.2500000000000000e+02;0;MESA;0.0000;0.0000;;;;;0;0;19/05/31 00:00:00;0;0;;0;0;0;;{86f8849f-0a55-4702-749f-f98e6cdce0f5};;0;19/05/31 21:57:35;0.00000000e+00;;;1;{a6b51208-5a9a-4c2a-efa8-667456e1426a};{e0412e71-a6dd-4f02-74a8-671e3abcb170};;;;0;0;;;0;;;;;;;;0.0000;0.0000;0;;;{1a492971-08ac-48a6-0c8c-591971d33dbf};0;0;0.0000;0.0000;0.0000;1;2;
2019/06/01 01:04:42;54.6800;MASTER CREDITO;8.1380000000000000e+03;;19/07/01 00:00:00;0;0;LUCIANA RIGAUD;55.7200;0;;;;;2;;0;4.0000000000000000e+00;0;00/01/01 01:04:00;3;0;0;1;;0;1;;;19/05/31 00:00:00;0;0;;0;;1;;0;;0;;;;;;0;0;0;;0.0000;;;;2.2500000000000000e+02;0;MESA;0.0000;0.0000;;;;;0;0;19/05/31 00:00:00;0;0;;0;0;0;;{86f8849f-0a55-4702-749f-f98e6cdce0f5};;0;19/05/31 21:57:35;0.00000000e+00;;;1;{8f80e031-6729-4e96-40b7-aaef65c1693f};{e0412e71-a6dd-4f02-74a8-671e3abcb170};;;;0;0;;;0;;;;;;;;0.0000;0.0000;0;;;{1a492971-08ac-48a6-0c8c-591971d33dbf};0;0;0.0000;0.0000;0.0000;1;2;
2019/06/01 01:04:42;54.6800;VISA CREDITO;8.1380000000000000e+03;;19/07/01 00:00:00;0;0;LUCIANA RIGAUD;55.7200;0;;;;;2;;0;4.0000000000000000e+00;0;00/01/01 01:04:00;3;0;0;1;;0;1;;;19/05/31 00:00:00;0;0;;0;;1;;0;;0;;;;;;0;0;0;;0.0000;;;;2.2500000000000000e+02;0;MESA;0.0000;0.0000;;;;;0;0;19/05/31 00:00:00;0;0;;0;0;0;;{86f8849f-0a55-4702-749f-f98e6cdce0f5};;0;19/05/31 21:57:35;0.00000000e+00;;;1;{7906c568-e081-4f1e-edbc-568ead911959};{e0412e71-a6dd-4f02-74a8-671e3abcb170};;;;0;0;;;0;;;;;;;;0.0000;0.0000;0;;;{1a492971-08ac-48a6-0c8c-591971d33dbf};0;0;0.0000;0.0000;0.0000;1;2;
2019/06/01 01:04:42;55.0500;VISA DEBITO;8.1380000000000000e+03;;19/06/01 00:00:00;0;0;LUCIANA RIGAUD;55.7200;0;;;;;2;;0;4.0000000000000000e+00;0;00/01/01 01:04:00;3;0;0;1;;0;1;;;19/05/31 00:00:00;0;0;;0;;1;;0;;0;;;;;;0;0;0;;0.0000;;;;2.2500000000000000e+02;0;MESA;0.0000;0.0000;;;;;0;0;19/05/31 00:00:00;0;0;;0;0;0;;{86f8849f-0a55-4702-749f-f98e6cdce0f5};;0;19/05/31 21:57:35;0.00000000e+00;;;1;{4b9d40bf-2079-454f-7ea8-2ddd6cfa6c52};{e0412e71-a6dd-4f02-74a8-671e3abcb170};;;;0;0;;;0;;;;;;;;0.0000;0.0000;0;;;{1a492971-08ac-48a6-0c8c-591971d33dbf};0;0;0.0000;0.0000;0.0000;1;2;
2019/06/01 01:07:48;59.0000;DINHEIRO DINHEIRO;8.1390000000000000e+03;;19/06/01 00:00:00;1;0;LUCIANA RIGAUD;59.0000;2;;;;;2;;0;9.0000000000000000e+00;0;00/01/01 01:07:00;3;0;0;0;;0;1;;;19/05/31 00:00:00;0;0;;0;;1;;0;;0;;;;;;0;0;0;;0.0000;;;;2.2500000000000000e+02;0;MESA;0.0000;0.0000;;;;;0;0;19/05/31 00:00:00;0;0;;0;0;0;;{c38a7dfe-1484-42e1-bb9a-810b42a4c07a};;0;19/05/31 21:54:44;0.00000000e+00;;;1;{e713d702-db67-4828-f0b9-67bd153f153d};{9e3b4772-4468-416d-09a6-c0dbb6f4cacc};;;;0;0;;;0;;;;;;;;0.0000;0.0000;0;;;{b27926bf-7290-43cf-339d-ea59d36dfec0};0;0;5.3700;5.3000;0.0700;1;2;
2019/06/01 01:44:05;38.4300;MASTER CREDITO;8.1410000000000000e+03;;19/07/01 00:00:00;0;0;LUCIANA RIGAUD;39.1600;2;;;;;2;;0;5.5000000000000000e+01;0;00/01/01 01:44:00;3;0;0;1;;0;1;;;19/05/31 00:00:00;0;0;;0;;1;;0;;0;;;;;;0;0;0;;0.0000;;;;2.2500000000000000e+02;0;MESA;0.0000;0.0000;;;;;0;0;19/05/31 00:00:00;0;0;;0;0;0;;{c9c43ec1-65fc-48e1-acba-1aca040ea8aa};;0;19/06/01 01:42:37;0.00000000e+00;;;1;{1b1d58c9-e7fc-4b89-fd83-6348b9bd85f8};{94c20bf9-a4fb-46d6-3d92-eca29412b361};;;;0;0;;;0;;;;;;;;0.0000;0.0000;0;;;{f332098b-564a-4354-7bbb-c9cbce518047};0;0;3.5600;3.5600;0.0000;1;2;
2019/06/01 01:55:23;67.2600;VISA CREDITO;8.1430000000000000e+03;;19/07/01 00:00:00;0;0;LUCIANA RIGAUD;68.5300;2;;;;;2;;0;9.0000000000000000e+00;0;00/01/01 01:55:00;3;0;0;1;;0;1;;;19/05/31 00:00:00;0;0;;0;;1;;0;;0;;;;;;0;0;0;;0.0000;;;;2.2500000000000000e+02;0;MESA;0.0000;0.0000;;;;;0;0;19/05/31 00:00:00;0;0;;0;0;0;;{15254399-ccbc-4cc8-e287-ef847a10de37};;0;19/06/01 01:09:50;0.00000000e+00;;;1;{1322b5d7-e2db-48c1-61a4-6aebb8e8bb12};{3e138606-01db-4a18-ff8a-3730d8d5920e};;;;0;0;;;0;;;;;;;;0.0000;0.0000;0;;;{6180f4d9-fe42-4e55-b3a2-f8cd2a15bbc3};0;0;6.2300;6.2300;0.0000;1;2;
2019/06/01 02:01:17;39.7300;MASTER CREDITO;8.1450000000000000e+03;;19/07/01 00:00:00;0;0;LUCIANA RIGAUD;40.4800;2;;;;;2;;0;2.2000000000000000e+01;0;00/01/01 02:01:00;3;0;0;1;;0;1;;;19/05/31 00:00:00;0;0;;0;;1;;0;;0;;;;;;0;0;0;;0.0000;;;;2.2500000000000000e+02;0;MESA;0.0000;0.0000;;;;;0;0;19/05/31 00:00:00;0;0;;0;0;0;;{c816b436-44d0-4aad-8884-5e6ce6fdfb19};;0;19/06/01 00:44:13;0.00000000e+00;;;1;{d5fdc1db-ce14-4e5e-509c-bc274a747186};{1756336e-a188-4efb-d8a3-c338f622b4db};;;;0;0;;;0;;;;;;;;0.0000;0.0000;0;;;{659845fc-8dd2-44ab-dc9c-b8ec4e967499};0;0;3.6800;3.6800;0.0000;1;2;
2019/06/01 02:10:01;19.7600;VISA DEBITO;8.1460000000000000e+03;;19/06/01 00:00:00;0;0;LUCIANA RIGAUD;20.0000;1;;;;;2;;0;1.5000000000000000e+01;0;00/01/01 02:10:00;3;0;0;1;;0;1;;;19/05/31 00:00:00;0;0;;0;;1;;0;;0;;;;;;0;0;0;;0.0000;;;;2.2500000000000000e+02;0;MESA;0.0000;0.0000;;;;;0;0;19/05/31 00:00:00;0;0;;0;0;0;;{fac032bf-f63b-4270-d6b8-b0b5a56d4136};;0;19/05/31 21:29:59;0.00000000e+00;;;1;{f24b5c95-ff17-4b39-d5b5-2b6ed7be1bad};{80d95ebd-b688-42b8-a781-a38b0ad7fe49};;;;0;0;;;0;;;;;;;;0.0000;0.0000;0;;;{043a3dfd-59bc-43fb-2d91-60848f211b20};0;0;128.4600;128.4600;0.0000;1;2;
2019/06/01 02:10:01;49.4000;VISA DEBITO;8.1460000000000000e+03;;19/06/01 00:00:00;0;0;LUCIANA RIGAUD;50.0000;0;;;;;2;;0;1.5000000000000000e+01;0;00/01/01 02:10:00;3;0;0;1;;0;1;;;19/05/31 00:00:00;0;0;;0;;1;;0;;0;;;;;;0;0;0;;0.0000;;;;2.2500000000000000e+02;0;MESA;0.0000;0.0000;;;;;0;0;19/05/31 00:00:00;0;0;;0;0;0;;{fac032bf-f63b-4270-d6b8-b0b5a56d4136};;0;19/05/31 21:29:59;0.00000000e+00;;;1;{8e591fac-9b88-408f-b68c-b0d18ef50056};{80d95ebd-b688-42b8-a781-a38b0ad7fe49};;;;0;0;;;0;;;;;;;;0.0000;0.0000;0;;;{043a3dfd-59bc-43fb-2d91-60848f211b20};0;0;0.0000;0.0000;0.0000;1;2;
2019/06/01 02:10:01;88.3300;MASTER CREDITO;8.1460000000000000e+03;;19/07/01 00:00:00;0;0;LUCIANA RIGAUD;90.0000;0;;;;;2;;0;1.5000000000000000e+01;0;00/01/01 02:10:00;3;0;0;1;;0;1;;;19/05/31 00:00:00;0;0;;0;;1;;0;;0;;;;;;0;0;0;;0.0000;;;;2.2500000000000000e+02;0;MESA;0.0000;0.0000;;;;;0;0;19/05/31 00:00:00;0;0;;0;0;0;;{fac032bf-f63b-4270-d6b8-b0b5a56d4136};;0;19/05/31 21:29:59;0.00000000e+00;;;1;{49008cee-8a58-4bad-e0b4-f0e6f386073e};{80d95ebd-b688-42b8-a781-a38b0ad7fe49};;;;0;0;;;0;;;;;;;;0.0000;0.0000;0;;;{043a3dfd-59bc-43fb-2d91-60848f211b20};0;0;0.0000;0.0000;0.0000;1;2;
2019/06/01 02:10:01;494.0000;MASTER DEBITO;8.1460000000000000e+03;;19/06/01 00:00:00;0;0;LUCIANA RIGAUD;500.0000;0;;;;;2;;0;1.5000000000000000e+01;0;00/01/01 02:10:00;3;0;0;1;;0;1;;;19/05/31 00:00:00;0;0;;0;;1;;0;;0;;;;;;0;0;0;;0.0000;;;;2.2500000000000000e+02;0;MESA;0.0000;0.0000;;;;;0;0;19/05/31 00:00:00;0;0;;0;0;0;;{fac032bf-f63b-4270-d6b8-b0b5a56d4136};;0;19/05/31 21:29:59;0.00000000e+00;;;1;{1ff93bc7-e3f0-4950-b09f-424482152e5d};{80d95ebd-b688-42b8-a781-a38b0ad7fe49};;;;0;0;;;0;;;;;;;;0.0000;0.0000;0;;;{043a3dfd-59bc-43fb-2d91-60848f211b20};0;0;0.0000;0.0000;0.0000;1;2;
2019/06/01 02:10:01;197.6000;VISA DEBITO;8.1460000000000000e+03;;19/06/01 00:00:00;0;0;LUCIANA RIGAUD;200.0000;0;;;;;2;;0;1.5000000000000000e+01;0;00/01/01 02:10:00;3;0;0;1;;0;1;;;19/05/31 00:00:00;0;0;;0;;1;;0;;0;;;;;;0;0;0;;0.0000;;;;2.2500000000000000e+02;0;MESA;0.0000;0.0000;;;;;0;0;19/05/31 00:00:00;0;0;;0;0;0;;{fac032bf-f63b-4270-d6b8-b0b5a56d4136};;0;19/05/31 21:29:59;0.00000000e+00;;;1;{8d374986-5571-4ed5-cea2-5004e5f3d621};{80d95ebd-b688-42b8-a781-a38b0ad7fe49};;;;0;0;;;0;;;;;;;;0.0000;0.0000;0;;;{043a3dfd-59bc-43fb-2d91-60848f211b20};0;0;0.0000;0.0000;0.0000;1;2;
2019/06/01 02:10:01;98.8000;VISA DEBITO;8.1460000000000000e+03;;19/06/01 00:00:00;0;0;LUCIANA RIGAUD;100.0000;0;;;;;2;;0;1.5000000000000000e+01;0;00/01/01 02:10:00;3;0;0;1;;0;1;;;19/05/31 00:00:00;0;0;;0;;1;;0;;0;;;;;;0;0;0;;0.0000;;;;2.2500000000000000e+02;0;MESA;0.0000;0.0000;;;;;0;0;19/05/31 00:00:00;0;0;;0;0;0;;{fac032bf-f63b-4270-d6b8-b0b5a56d4136};;0;19/05/31 21:29:59;0.00000000e+00;;;1;{027e71dc-5603-408a-d4b8-975703633b53};{80d95ebd-b688-42b8-a781-a38b0ad7fe49};;;;0;0;;;0;;;;;;;;0.0000;0.0000;0;;;{043a3dfd-59bc-43fb-2d91-60848f211b20};0;0;0.0000;0.0000;0.0000;1;2;
2019/06/01 02:10:01;443.0000;AMEX CREDITO;8.1460000000000000e+03;;19/07/01 00:00:00;0;0;LUCIANA RIGAUD;456.0000;0;;;;;2;;0;1.5000000000000000e+01;0;00/01/01 02:10:00;3;0;0;1;;0;1;;;19/05/31 00:00:00;0;0;;0;;1;;0;;0;;;;;;0;0;0;;0.0000;;;;2.2500000000000000e+02;0;MESA;0.0000;0.0000;;;;;0;0;19/05/31 00:00:00;0;0;;0;0;0;;{fac032bf-f63b-4270-d6b8-b0b5a56d4136};;0;19/05/31 21:29:59;0.00000000e+00;;;1;{55c5d421-7cf3-4948-6ea1-bb0b8855f1c2};{80d95ebd-b688-42b8-a781-a38b0ad7fe49};;;;0;0;;;0;;;;;;;;0.0000;0.0000;0;;;{043a3dfd-59bc-43fb-2d91-60848f211b20};0;0;0.0000;0.0000;0.0000;1;2;
20
